8.916667
13.458333
18.416667
25
40.25
42.083333
45.625
49.791667
51.125
53.666667
56.666667
64.458333
69.916667
74.083333
79.375
82.125
84.833333
92.416667
95.416667
98.208333
102.416667
116.708333
119.875
134.916667
139.916667
143.291667
145.791667
158.541667
172.291667
183.25
189.5
193.083333
198.5
201.166667
206.666667
208.666667
212.458333
213.916667
215.541667
222.416667
225.083333
234.583333
238.666667
253.416667
257.916667
289.541667
295.125
296.5
297.5
298.958333
300.875
302.708333
307.708333
310.583333
312.375
315.375
319.958333
322.208333
324.083333
328.458333
330.291667
338.916667
341.208333
346.458333
348.416667
350.208333
352.708333
356.333333
362.125
364.5
367.666667
368.958333
369.583333
371.625
373.875
376
377.208333
378
380
383.125
385.416667
386.958333
388.958333
390.166667
392.5
399
400.416667
404.041667
409.083333
411.875
415
418.791667
425.5
427.791667
431.458333
434.166667
438.583333
441.208333
444.875
461.791667
464.833333
468.333333
469.541667
478.958333
480.208333
482.125
483.416667
483.916667
485.5
488.041667
489.416667
491.583333
499.416667
502.375
503.708333
505.875
509.958333
517.875
521
527.416667
531.208333
537.708333
539.208333
543.166667
552.833333
556.833333
564.291667
588
594.083333
594.375
594.458333
597.625
601.083333
616.875
709.5
730.333333
