11.875
15.75
23.041667
47.708333
56.083333
60.666667
63.791667
69.416667
71.291667
73.458333
75.541667
79.958333
89.75
91.416667
99.75
103.916667
117.958333
120.875
123.458333
126.875
146.375
149.083333
156
160.833333
162.291667
163.291667
166.208333
168
169.541667
176.125
177.75
180.5
185.958333
189.333333
192.166667
194.666667
195.708333
196.916667
199.833333
204.166667
205.916667
207.458333
208.875
211.625
213.791667
220.5
223.791667
226.25
229.916667
232.458333
242.041667
243.5
250.75
252
253.666667
255.333333
257
258.666667
259.5
261.166667
262.833333
264.5
266.166667
270.333333
275.958333
277.916667
279.708333
281.375
284.708333
292.208333
295.541667
297.125
305.208333
312.5
314.416667
317.208333
319.208333
322.166667
323.708333
334.333333
336.875
337.125
339.75
372.708333
375.375
378.333333
381.166667
390.791667
392.5
394.5
396.125
398.958333
399.333333
404.958333
408.125
410.416667
412.125
416.125
417.333333
420.041667
420.708333
421.875
424.333333
426.416667
427.5
429.291667
430.791667
433.708333
435.541667
440.583333
442.166667
443.208333
451.75
458.291667
471.333333
472.875
480.166667
481.666667
483.833333
486.291667
580.916667
596.416667
