42.416667
43.166667
44
44.916667
44.958333
45.833333
47.333333
47.458333
48.708333
53.958333
54.958333
55.791667
57.083333
59.375
60.625
62.25
64.666667
68.208333
69.291667
74.041667
81.458333
85.833333
88.541667
101.208333
134.041667
138.125
155.833333
162.083333
176.416667
177.541667
180.083333
182
184.375
186.708333
189.791667
191.875
194.625
196.416667
197.625
203.125
205
211.75
214.916667
219.458333
248.166667
250.875
252.958333
254.666667
255.791667
259.208333
263.25
265.583333
271.625
273.25
275.625
278.791667
283.458333
287.5
289.333333
297.25
302.75
306.291667
308.916667
311.125
312.625
314.958333
315.541667
319
322.208333
323.708333
328.166667
330.375
332.125
332.708333
335.291667
337.458333
339.333333
342.291667
349.75
353.333333
380.541667
382.916667
415.083333
431.583333
434.333333
435.125
435.166667
483.708333
490.958333
502.458333
536.333333
539.333333
543.125
559.666667
598.958333
684.416667
700.291667
710.041667
744.083333
